1.5 158939.0
1.5175 154701.0
1.535 150717.0
1.5525 146693.0
1.57 142087.0
1.5875 138285.0
1.605 134526.0
1.6225 131473.0
1.64 127773.0
1.6575 124250.0
1.675 121288.0
1.6925 117934.0
1.71 114432.0
1.7275 112022.0
1.745 108729.0
1.7625 106301.0
1.78 103582.0
1.7975 100086.0
1.815 98129.0
1.8325 95799.0
1.85 92948.0
1.8675 91414.0
1.885 88111.0
1.9025 86231.0
1.92 83540.0
1.9375 81896.0
1.955 79937.0
1.9725 77524.0
1.99 75359.0
2.0075 74345.0
2.025 71977.0
2.0425 70620.0
2.06 68352.0
2.0775 67015.0
2.095 65248.0
2.1125 63687.0
2.13 62274.0
2.1475 60787.0
2.165 59327.0
2.1825 58343.0
2.2 56963.0
2.2175 55219.0
2.235 53760.0
2.2525 52732.0
2.27 51637.0
2.2875 50571.0
2.305 48580.0
2.3225 48056.0
2.34 46939.0
2.3575 45947.0
2.375 45053.0
2.3925 44084.0
2.41 42825.0
2.4275 42101.0
2.445 40860.0
2.4625 40061.0
2.48 39716.0
2.4975 38798.0
2.515 37860.0
2.5325 37291.0
2.55 36460.0
2.5675 35295.0
2.585 34879.0
2.6025 34594.0
2.62 33919.0
2.6375 33102.0
2.655 32410.0
2.6725 32384.0
2.69 31531.0
2.7075 31148.0
2.725 30832.0
2.7425 30099.0
2.76 29817.0
2.7775 29685.0
2.795 29241.0
2.8125 29161.0
2.83 29371.0
2.8475 29187.0
2.865 29226.0
2.8825 29738.0
2.9 30799.0
2.9175 31426.0
2.935 32481.0
2.9525 34118.0
2.97 36847.0
2.9875 39769.0
3.005 43688.0
3.0225 47309.0
3.04 52050.0
3.0575 55241.0
3.075 58226.0
3.0925 58579.0
3.11 56497.0
3.1275 52884.0
3.145 47319.0
3.1625 40553.0
3.18 33979.0
3.1975 28806.0
3.215 24622.0
3.2325 22203.0
3.25 20009.0
3.2675 18331.0
3.285 17263.0
3.3025 16435.0
3.32 15838.0
3.3375 15531.0
3.355 14970.0
3.3725 14743.0
3.39 14164.0
3.4075 14107.0
3.425 13655.0
3.4425 13437.0
3.46 13164.0
3.4775 13275.0
3.495 12968.0
3.5125 12770.0
3.53 12874.0
3.5475 12562.0
3.565 12152.0
3.5825 12407.0
3.6 12049.0
3.6175 11991.0
3.635 11914.0
3.6525 11658.0
3.67 11509.0
3.6875 11461.0
3.705 11425.0
3.7225 11122.0
3.74 10900.0
3.7575 10728.0
3.775 10199.0
3.7925 9907.0
3.81 9760.0
3.8275 9414.0
3.845 9423.0
3.8625 9209.0
3.88 9135.0
3.8975 9006.0
3.915 8823.0
3.9325 8831.0
3.95 8672.0
3.9675 8649.0
3.985 8562.0
4.0025 8183.0
4.02 8129.0
4.0375 8050.0
4.055 8123.0
4.0725 7762.0
4.09 7787.0
4.1075 7562.0
4.125 7495.0
4.1425 7376.0
4.16 7436.0
4.1775 7239.0
4.195 7089.0
4.2125 6975.0
4.23 6974.0
4.2475 6713.0
4.265 6738.0
4.2825 6658.0
4.3 6608.0
4.3175 6404.0
4.335 6252.0
4.3525 6324.0
4.37 6351.0
4.3875 6216.0
4.405 6136.0
4.4225 6145.0
4.44 5982.0
4.4575 6049.0
4.475 5875.0
4.4925 5774.0
4.51 5564.0
4.5275 5656.0
4.545 5640.0
4.5625 5494.0
4.58 5320.0
4.5975 5428.0
4.615 5297.0
4.6325 5191.0
4.65 5210.0
4.6675 5019.0
4.685 5118.0
4.7025 5110.0
4.72 4933.0
4.7375 4916.0
4.755 4941.0
4.7725 4873.0
4.79 4953.0
4.8075 4746.0
4.825 4688.0
4.8425 4626.0
4.86 4503.0
4.8775 4451.0
4.895 4467.0
4.9125 4454.0
4.93 4364.0
4.9475 4425.0
4.965 4237.0
4.9825 4168.0
