1.5 54699.0
1.5175 52928.0
1.535 51888.0
1.5525 50602.0
1.57 48879.0
1.5875 47212.0
1.605 46394.0
1.6225 45210.0
1.64 44127.0
1.6575 42903.0
1.675 41600.0
1.6925 40515.0
1.71 39308.0
1.7275 38494.0
1.745 37289.0
1.7625 36395.0
1.78 35704.0
1.7975 34018.0
1.815 33468.0
1.8325 32357.0
1.85 31739.0
1.8675 30938.0
1.885 30082.0
1.9025 29298.0
1.92 28386.0
1.9375 27687.0
1.955 26922.0
1.9725 25960.0
1.99 25362.0
2.0075 24924.0
2.025 24123.0
2.0425 23476.0
2.06 22544.0
2.0775 21944.0
2.095 21328.0
2.1125 20740.0
2.13 20529.0
2.1475 20000.0
2.165 19131.0
2.1825 18894.0
2.2 18388.0
2.2175 17740.0
2.235 17330.0
2.2525 16876.0
2.27 16404.0
2.2875 15844.0
2.305 15291.0
2.3225 15045.0
2.34 14572.0
2.3575 14150.0
2.375 14047.0
2.3925 13341.0
2.41 13172.0
2.4275 12785.0
2.445 12475.0
2.4625 12101.0
2.48 11832.0
2.4975 11713.0
2.515 11266.0
2.5325 10986.0
2.55 10848.0
2.5675 10052.0
2.585 10333.0
2.6025 9959.0
2.62 9668.0
2.6375 9482.0
2.655 9315.0
2.6725 9348.0
2.69 8884.0
2.7075 8726.0
2.725 8707.0
2.7425 8490.0
2.76 8417.0
2.7775 8403.0
2.795 8277.0
2.8125 8382.0
2.83 8506.0
2.8475 8464.0
2.865 8763.0
2.8825 9063.0
2.9 9706.0
2.9175 10259.0
2.935 10879.0
2.9525 11977.0
2.97 13426.0
2.9875 15568.0
3.005 17993.0
3.0225 20609.0
3.04 23490.0
3.0575 26030.0
3.075 27920.0
3.0925 28684.0
3.11 27585.0
3.1275 25272.0
3.145 21708.0
3.1625 17417.0
3.18 13578.0
3.1975 10436.0
3.215 7820.0
3.2325 6311.0
3.25 5189.0
3.2675 4347.0
3.285 4021.0
3.3025 3522.0
3.32 3484.0
3.3375 3275.0
3.355 3062.0
3.3725 3010.0
3.39 2815.0
3.4075 2806.0
3.425 2559.0
3.4425 2645.0
3.46 2642.0
3.4775 2535.0
3.495 2454.0
3.5125 2480.0
3.53 2399.0
3.5475 2331.0
3.565 2301.0
3.5825 2376.0
3.6 2233.0
3.6175 2277.0
3.635 2292.0
3.6525 2238.0
3.67 2249.0
3.6875 2216.0
3.705 2224.0
3.7225 2032.0
3.74 1978.0
3.7575 1965.0
3.775 1817.0
3.7925 1645.0
3.81 1579.0
3.8275 1529.0
3.845 1446.0
3.8625 1388.0
3.88 1403.0
3.8975 1356.0
3.915 1286.0
3.9325 1315.0
3.95 1273.0
3.9675 1241.0
3.985 1243.0
4.0025 1245.0
4.02 1119.0
4.0375 1126.0
4.055 1151.0
4.0725 1075.0
4.09 1089.0
4.1075 1074.0
4.125 1003.0
4.1425 996.0
4.16 1009.0
4.1775 956.0
4.195 876.0
4.2125 915.0
4.23 870.0
4.2475 847.0
4.265 837.0
4.2825 789.0
4.3 805.0
4.3175 810.0
4.335 782.0
4.3525 777.0
4.37 728.0
4.3875 742.0
4.405 713.0
4.4225 667.0
4.44 657.0
4.4575 668.0
4.475 681.0
4.4925 651.0
4.51 617.0
4.5275 641.0
4.545 624.0
4.5625 622.0
4.58 578.0
4.5975 621.0
4.615 520.0
4.6325 506.0
4.65 557.0
4.6675 526.0
4.685 531.0
4.7025 520.0
4.72 516.0
4.7375 469.0
4.755 448.0
4.7725 503.0
4.79 469.0
4.8075 469.0
4.825 444.0
4.8425 444.0
4.86 435.0
4.8775 406.0
4.895 395.0
4.9125 400.0
4.93 393.0
4.9475 414.0
4.965 343.0
4.9825 371.0
